image_width: 1280
image_height: 720
camera_name: narrow_stereo
camera_matrix:
  rows: 3
  cols: 3
  data: [397.200972, 0.000000, 611.454284, 0.000000, 398.888060, 338.626510, 0.000000, 0.000000, 1.000000]
distortion_model: plumb_bob
distortion_coefficients:
  rows: 1
  cols: 5
  data: [-0.142121, 0.012060, -0.004056, 0.001099, 0.000000]
rectification_matrix:
  rows: 3
  cols: 3
  data: [1.000000, 0.000000, 0.000000, 0.000000, 1.000000, 0.000000, 0.000000, 0.000000, 1.000000]
projection_matrix:
  rows: 3
  cols: 4
  data: [287.274567, 0.000000, 598.060311, 0.000000, 0.000000, 337.737885, 321.325448, 0.000000, 0.000000, 0.000000, 1.000000, 0.000000]